1,1,733.7,267.1,70.83999999999992,36.629999999999995,1,1,1.0
1,2,122.41,335.2,133.39000000000001,57.079999999999984,1,1,1.0
1,3,209.3,251.32,93.24000000000001,38.78000000000003,1,1,0.0
2,1,719.55,268.9,72.07000000000005,37.32000000000005,1,1,1.0
2,2,98.9,338.48,135.29999999999998,58.549999999999955,1,1,1.0
2,3,209.3,251.39,93.24000000000001,38.960000000000036,1,1,0.0
3,1,705.41,270.7,73.28000000000009,38.02000000000004,1,1,1.0
3,2,74.2,341.77,138.39999999999998,60.02000000000004,1,1,1.0
3,3,209.3,251.45,93.24000000000001,39.150000000000034,1,1,0.0
4,1,691.26,272.5,74.5,38.72000000000003,1,1,1.0
4,2,47.6,345.05,143.4,61.49000000000001,1,1,1.0
4,3,209.3,251.51,93.24000000000001,39.34000000000003,1,1,0.0
5,1,677.11,274.3,75.72000000000003,39.420000000000016,1,1,1.0
5,2,22.4,348.33,147.0,62.960000000000036,1,1,1.0
5,3,209.3,251.57,93.24000000000001,39.53000000000003,1,1,0.0
6,1,662.96,276.1,76.94999999999993,40.10999999999996,1,1,1.0
6,2,0.0,351.62,147.8,64.43,1,1,1.0
6,3,209.3,251.64,93.24000000000001,39.710000000000036,1,1,0.0
7,1,648.82,277.9,78.15999999999997,40.81,1,1,1.0
7,2,0.26,354.9,125.33999999999999,65.90000000000003,1,1,1.0
7,3,209.3,251.7,93.24000000000001,39.900000000000034,1,1,0.0
8,1,634.67,279.7,79.38,41.50999999999999,1,1,1.0
8,2,0.26,360.68,100.61999999999999,61.96999999999997,1,1,1.0
8,3,209.3,251.7,93.24000000000001,39.900000000000034,1,1,0.0
9,1,620.52,281.5,80.60000000000002,42.20999999999998,1,1,1.0
9,2,0.26,366.45,75.89,58.05000000000001,1,1,1.0
9,3,209.3,251.7,93.24000000000001,39.900000000000034,1,1,0.0
10,1,605.45,283.3,81.81999999999994,42.89999999999998,1,1,1.0
10,2,0.26,372.23,51.17,54.120000000000005,1,1,1.0
10,3,209.3,251.7,93.24000000000001,39.900000000000034,1,1,0.0
11,1,590.37,285.1,83.03999999999996,43.599999999999966,1,1,1.0
11,2,0.26,378.0,26.439999999999998,50.19999999999999,1,1,1.0
11,3,209.3,251.7,93.24000000000001,39.900000000000034,1,1,0.0
12,1,575.3,286.9,84.25999999999999,44.30000000000001,1,1,1.0
12,3,209.3,251.7,93.24000000000001,39.900000000000034,1,1,1.0
13,1,559.26,289.15,85.79999999999995,45.129999999999995,1,1,1.0
13,3,209.3,251.78,93.17000000000002,40.03999999999999,1,1,1.0
14,1,543.22,291.4,87.32999999999993,45.97000000000003,1,1,1.0
14,3,209.3,251.86,93.09999999999997,40.18000000000001,1,1,1.0
15,1,527.17,293.65,88.88,46.80000000000001,1,1,1.0
15,3,209.3,251.94,93.03999999999996,40.31999999999999,1,1,1.0
16,1,509.78,295.9,90.42000000000007,47.629999999999995,1,1,1.0
16,3,209.3,252.02,92.96999999999997,40.46000000000001,1,1,1.0
17,1,492.39,298.15,91.96000000000004,48.47000000000003,1,1,1.0
17,3,209.3,252.1,92.89999999999998,40.599999999999994,1,1,1.0
18,1,475.0,300.4,93.5,49.30000000000001,1,1,1.0
18,3,207.84,252.1,92.9,40.22999999999999,1,1,1.0
19,1,457.42,303.23,95.61999999999995,50.5,1,1,1.0
19,3,208.2,252.1,92.90000000000003,40.22999999999999,1,1,1.0
20,1,439.84,306.07,97.73000000000008,51.68000000000001,1,1,1.0
20,3,208.57,252.1,92.90000000000003,40.22999999999999,1,1,1.0
21,1,422.26,308.9,99.85000000000002,52.879999999999995,1,1,1.0
21,3,208.57,252.5,92.90000000000003,40.19999999999999,1,1,1.0
22,1,404.01,311.73,101.96000000000004,54.06999999999999,1,1,1.0
22,3,208.66,252.5,92.9,40.19999999999999,1,1,1.0
23,1,385.75,314.57,104.08999999999997,55.25999999999999,1,1,1.0
23,3,208.75,252.5,92.89999999999998,40.19999999999999,1,1,1.0
24,1,367.5,317.4,106.19999999999999,56.450000000000045,1,1,1.0
24,3,208.84,252.5,92.9,40.19999999999999,1,1,1.0
25,1,348.07,320.76,108.32999999999998,57.120000000000005,1,1,1.0
25,3,208.93,252.5,92.89999999999998,40.19999999999999,1,1,1.0
26,1,328.63,324.12,110.47000000000003,57.77999999999997,1,1,1.0
26,3,208.97,252.5,92.9,40.19999999999999,1,1,1.0
27,1,309.2,327.47,112.60000000000002,58.44999999999999,1,1,1.0
27,3,209.0,252.5,92.89999999999998,40.19999999999999,1,1,1.0
28,1,288.07,330.48,115.19999999999999,59.46999999999997,1,1,1.0
28,3,209.03,252.5,92.9,40.19999999999999,1,1,1.0
29,1,266.93,333.49,117.80000000000001,60.48000000000002,1,1,1.0
29,3,209.07,252.5,92.90000000000003,40.19999999999999,1,1,1.0
30,1,245.8,336.5,120.39999999999998,61.5,1,1,1.0
30,3,209.1,252.5,92.9,40.19999999999999,1,1,1.0
31,1,221.84,340.6,124.22,62.870000000000005,1,1,1.0
31,3,209.13,252.5,92.89999999999998,40.19999999999999,1,1,1.0
32,1,197.88,344.7,128.04000000000002,64.24000000000001,1,1,1.0
32,3,209.17,252.5,92.9,40.19999999999999,1,1,1.0
33,1,173.92,348.8,131.85999999999999,65.61000000000001,1,1,1.0
33,3,209.2,252.5,92.90000000000003,40.19999999999999,1,1,1.0
34,1,149.96,352.9,135.67999999999998,66.99000000000001,1,1,1.0
34,3,209.23,252.5,92.9,40.19999999999999,1,1,1.0
35,1,126.0,357.0,139.5,68.36000000000001,1,1,1.0
35,3,209.27,252.5,92.9,40.19999999999999,1,1,1.0
36,1,99.89,361.1,144.06,69.72999999999996,1,1,1.0
36,3,209.3,252.5,92.89999999999998,40.19999999999999,1,1,1.0
37,1,73.79,365.2,148.61,71.10000000000002,1,1,1.0
37,3,209.3,252.55,92.89999999999998,40.19999999999999,1,1,1.0
38,1,46.99,369.31,151.51,72.93,1,1,1.0
38,3,209.3,252.6,92.89999999999998,40.20000000000002,1,1,1.0
39,1,20.2,373.42,154.4,74.75999999999999,1,1,1.0
39,3,209.3,252.65,92.89999999999998,40.20000000000002,1,1,1.0
40,1,0.07,377.5,150.63,76.60000000000002,1,1,1.0
40,3,209.3,252.7,92.89999999999998,40.19999999999999,1,1,1.0
41,1,0.17,385.1,124.97,71.63999999999999,1,1,1.0
41,3,209.3,252.75,92.89999999999998,40.19999999999999,1,1,1.0
42,1,0.27,392.7,99.31,66.68,1,1,1.0
42,3,209.3,252.8,92.89999999999998,40.19999999999999,1,1,1.0
43,1,0.36,400.3,73.66,61.71999999999997,1,1,1.0
43,3,209.3,252.85,92.89999999999998,40.20000000000002,1,1,1.0
44,1,0.46,407.9,48.0,56.76000000000005,1,1,1.0
44,3,209.3,252.9,92.89999999999998,40.20000000000002,1,1,1.0
45,1,0.56,415.5,22.34,51.80000000000001,1,1,1.0
45,3,209.3,252.95,92.89999999999998,40.19999999999999,1,1,1.0
46,3,209.3,253.0,92.89999999999998,40.19999999999999,1,1,1.0
47,3,209.3,253.05,92.89999999999998,40.19999999999999,1,1,1.0
48,3,209.3,253.1,92.89999999999998,40.20000000000002,1,1,1.0
49,3,209.3,253.15,92.89999999999998,40.20000000000002,1,1,1.0
50,3,209.3,253.2,92.89999999999998,40.19999999999999,1,1,1.0
51,4,950.27,230.26,9.730000000000018,48.19999999999999,1,1,1.0
51,3,209.3,253.25,92.89999999999998,40.19999999999999,1,1,1.0
52,4,946.05,229.7,13.950000000000045,50.77000000000004,1,1,1.0
52,3,209.3,253.3,92.89999999999998,40.19999999999999,1,1,1.0
53,4,941.84,229.14,18.159999999999968,53.35000000000002,1,1,1.0
53,3,209.3,253.35,92.89999999999998,40.20000000000002,1,1,1.0
54,4,937.62,228.57,22.379999999999995,55.93000000000001,1,1,1.0
54,3,209.3,253.4,92.89999999999998,40.20000000000002,1,1,1.0
55,4,933.4,228.01,26.600000000000023,58.50999999999999,1,1,1.0
55,3,209.3,253.45,92.89999999999998,40.19999999999999,1,1,1.0
56,4,928.65,227.45,31.350000000000023,61.09000000000003,1,1,1.0
56,3,209.3,253.5,92.89999999999998,40.19999999999999,1,1,1.0
57,4,923.9,226.89,36.10000000000002,63.660000000000025,1,1,1.0
57,3,209.3,253.55,92.89999999999998,40.19999999999999,1,1,1.0
58,4,918.43,226.32,41.57000000000005,66.25,1,1,1.0
58,3,209.3,253.6,92.89999999999998,40.20000000000002,1,1,1.0
59,4,912.97,225.76,47.02999999999997,68.82,1,1,1.0
59,3,208.94,253.6,92.89999999999998,40.20000000000002,1,1,1.0
60,4,907.5,225.2,52.5,71.40000000000003,1,1,1.0
60,3,208.57,253.6,92.90000000000003,40.20000000000002,1,1,1.0
61,4,901.38,225.59,58.620000000000005,72.41,1,1,1.0
61,3,209.13,253.6,93.07,40.20000000000002,1,1,1.0
62,4,895.26,225.97,64.74000000000001,73.42999999999998,1,1,1.0
62,3,209.7,253.6,93.23000000000002,40.20000000000002,1,1,1.0
63,4,889.14,226.36,70.86000000000001,74.44,1,1,1.0
63,3,209.7,254.33,93.23000000000002,40.19999999999996,1,1,1.0
64,4,883.02,226.75,76.98000000000002,75.45999999999998,1,1,1.0
64,3,209.61,254.6,93.22999999999996,40.20000000000002,1,1,1.0
65,4,876.9,227.13,83.10000000000002,76.48000000000002,1,1,1.0
65,3,209.52,254.88,93.22999999999999,40.19999999999999,1,1,1.0
66,4,870.78,227.52,89.22000000000003,77.48999999999998,1,1,1.0
66,3,209.43,255.15,93.23000000000002,40.20000000000002,1,1,1.0
67,4,864.65,227.91,95.35000000000002,78.50000000000003,1,1,1.0
67,5,868.67,251.3,9.730000000000018,22.71999999999997,1,1,0.0
67,3,209.33,255.43,93.23999999999998,40.19999999999999,1,1,1.0
68,4,858.53,228.29,101.47000000000003,79.52000000000001,1,1,1.0
68,5,861.22,252.05,10.470000000000027,22.97999999999996,1,1,0.0
68,3,209.41,255.5,93.22999999999999,40.19999999999999,1,1,1.0
69,4,852.41,228.68,107.59000000000003,80.52999999999997,1,1,1.0
69,5,853.77,252.8,11.220000000000027,23.25,1,1,0.0
69,3,209.48,255.57,93.22999999999999,40.19999999999999,1,1,1.0
70,4,846.29,229.07,113.71000000000004,81.55000000000001,1,1,1.0
70,5,846.33,253.55,11.949999999999932,23.50999999999999,1,1,0.0
70,3,209.55,255.65,93.24000000000001,40.20000000000002,1,1,1.0
71,4,840.17,229.45,119.83000000000004,82.57,1,1,1.0
71,5,838.88,254.3,12.690000000000055,23.779999999999973,1,1,0.0
71,3,209.63,255.72,93.23000000000002,40.20000000000002,1,1,1.0
72,4,834.05,229.84,125.95000000000005,83.58000000000001,1,1,1.0
72,5,831.43,255.05,13.430000000000064,24.039999999999964,1,1,0.0
72,3,209.7,255.79,93.23000000000002,40.20000000000002,1,1,1.0
73,4,827.93,230.22,132.07000000000005,84.6,1,1,1.0
73,5,823.99,255.8,14.169999999999959,24.310000000000002,1,1,0.0
73,3,209.7,256.04,93.23000000000002,40.19999999999999,1,1,1.0
74,4,821.81,230.61,138.19000000000005,85.61000000000001,1,1,1.0
74,5,816.54,256.55,14.910000000000082,24.569999999999993,1,1,0.0
74,3,209.7,256.28,93.23000000000002,40.200000000000045,1,1,1.0
75,4,813.5,231.64,146.10000000000002,86.63,1,1,1.0
75,5,809.1,257.3,15.639999999999986,24.839999999999975,1,1,0.0
75,3,209.7,256.52,93.23000000000002,40.200000000000045,1,1,1.0
76,4,805.18,232.67,154.0200000000001,87.64000000000001,1,1,1.0
76,5,799.23,257.84,17.25999999999999,25.380000000000052,1,1,0.0
76,3,208.97,256.89,93.22999999999999,40.19999999999999,1,1,1.0
77,4,796.87,233.71,161.92999999999995,88.65,1,1,1.0
77,5,789.36,258.39,18.879999999999995,25.920000000000016,1,1,0.0
77,3,208.9,256.82,93.22999999999999,40.19999999999999,1,1,1.0
78,4,788.56,234.74,169.84000000000003,89.67000000000002,1,1,1.0
78,5,779.49,258.93,20.5,26.45999999999998,1,1,0.0
78,3,208.82,256.74,93.23000000000002,40.19999999999999,1,1,1.0
79,4,780.25,235.77,172.79999999999995,90.67999999999998,1,1,1.0
79,5,769.63,259.48,22.120000000000005,27.0,1,1,0.0
79,6,946.2,237.23,13.620000000000005,30.52000000000001,1,1,0.0
79,3,208.75,256.67,93.23000000000002,40.19999999999999,1,1,1.0
80,4,771.93,236.8,175.7700000000001,91.69999999999999,1,1,1.0
80,5,759.76,260.02,23.74000000000001,27.54000000000002,1,1,0.0
80,6,937.32,237.81,16.819999999999936,30.779999999999973,1,1,0.0
80,3,208.68,256.6,93.23000000000002,40.19999999999999,1,1,1.0
81,4,762.0,237.78,178.85000000000002,93.17999999999998,1,1,1.0
81,5,749.89,260.57,25.360000000000014,28.079999999999984,1,1,0.0
81,6,928.44,238.38,20.00999999999999,31.060000000000002,1,1,0.0
81,3,208.6,256.52,93.22999999999999,40.200000000000045,1,1,1.0
82,4,753.3,238.76,180.70000000000005,94.67000000000002,1,1,1.0
82,5,740.02,261.11,26.980000000000018,28.620000000000005,1,1,0.0
82,6,919.56,238.96,23.210000000000036,31.319999999999965,1,1,0.0
82,3,208.55,256.42,93.27999999999997,40.039999999999964,1,1,1.0
83,4,745.2,239.74,181.94999999999993,96.15999999999997,1,1,1.0
83,5,730.15,261.66,28.600000000000023,29.159999999999968,1,1,0.0
83,6,910.68,239.54,26.410000000000082,31.590000000000003,1,1,0.0
83,3,208.49,256.31,93.33999999999997,39.879999999999995,1,1,1.0
84,4,736.3,240.72,188.0,96.97999999999999,1,1,1.0
84,5,720.29,262.2,30.210000000000036,29.69999999999999,1,1,0.0
84,6,901.8,240.11,29.610000000000014,31.860000000000014,1,1,0.0
84,3,208.43,256.21,93.39999999999998,39.72000000000003,1,1,1.0
85,4,725.95,241.7,192.25,98.50999999999999,1,1,1.0
85,5,708.46,262.74,34.319999999999936,29.789999999999964,1,1,0.0
85,6,892.92,240.69,32.81000000000006,32.129999999999995,1,1,0.0
85,3,208.37,256.1,93.45999999999998,39.56,1,1,1.0
86,4,715.6,242.68,196.5,100.02999999999997,1,1,1.0
86,5,696.64,263.28,38.430000000000064,29.880000000000052,1,1,0.0
86,6,884.04,241.27,36.00999999999999,32.390000000000015,1,1,0.0
86,3,208.32,256.0,93.50999999999999,39.39999999999998,1,1,1.0
87,4,709.1,243.66,195.76,101.56000000000003,1,1,1.0
87,5,684.82,263.83,42.52999999999997,29.970000000000027,1,1,0.0
87,6,875.16,241.85,39.200000000000045,32.66,1,1,0.0
87,3,208.26,255.9,93.57,39.22999999999999,1,1,1.0
88,4,698.53,244.64,199.08000000000004,103.09000000000003,1,1,1.0
88,5,672.99,264.37,46.639999999999986,30.060000000000002,1,1,0.0
88,6,866.28,242.42,42.39999999999998,32.930000000000035,1,1,0.0
88,3,208.2,255.79,93.63,39.08000000000001,1,1,1.0
89,4,687.97,245.62,202.39999999999998,104.61000000000001,1,1,1.0
89,5,661.17,264.91,50.75,30.149999999999977,1,1,0.0
89,6,857.4,243.0,45.60000000000002,33.19999999999999,1,1,0.0
89,3,208.2,255.79,93.63,39.08000000000001,1,1,1.0
90,4,677.4,246.6,205.73000000000002,106.14000000000001,1,1,1.0
90,5,649.35,265.45,54.85000000000002,30.24000000000001,1,1,0.0
90,6,848.55,243.66,46.56000000000006,32.390000000000015,1,1,0.0
90,3,208.2,255.79,93.63,39.08000000000001,1,1,1.0
91,4,667.3,247.58,208.91000000000008,106.03999999999999,1,1,1.0
91,5,637.52,265.99,58.960000000000036,30.329999999999984,1,1,0.0
91,6,839.69,244.32,47.52999999999997,31.579999999999984,1,1,0.0
91,3,208.2,255.79,93.63,39.08000000000001,1,1,1.0
92,4,657.2,248.56,212.0999999999999,105.94,1,1,1.0
92,5,625.7,266.53,63.069999999999936,30.420000000000016,1,1,0.0
92,6,830.84,244.98,48.49000000000001,30.77000000000001,1,1,0.0
92,3,208.2,255.79,93.63,39.08000000000001,1,1,1.0
93,4,645.85,249.54,218.0,107.87000000000003,1,1,1.0
93,5,613.88,267.08,67.16999999999996,30.50999999999999,1,1,0.0
93,6,821.99,245.64,49.450000000000045,29.960000000000036,1,1,0.0
93,3,208.2,255.79,93.63,39.08000000000001,1,1,1.0
94,4,634.5,250.52,223.89999999999998,109.80999999999997,1,1,1.0
94,5,602.05,267.62,71.28000000000009,30.600000000000023,1,1,0.0
94,6,813.13,246.3,50.41999999999996,29.149999999999977,1,1,0.0
94,3,208.2,255.79,93.63,39.08000000000001,1,1,1.0
95,4,622.12,251.5,228.33000000000004,111.74000000000001,1,1,1.0
95,5,590.23,268.16,75.38999999999999,30.689999999999998,1,1,0.0
95,6,804.28,246.96,51.379999999999995,28.340000000000003,1,1,0.0
95,3,208.2,255.79,93.63,39.08000000000001,1,1,1.0
96,4,609.75,252.48,232.75,113.66999999999999,1,1,1.0
96,5,578.41,268.7,79.49000000000001,30.78000000000003,1,1,0.0
96,6,795.43,247.62,52.34000000000003,27.529999999999973,1,1,0.0
96,3,208.2,255.79,93.63,39.08000000000001,1,1,0.0
97,4,597.37,253.46,237.17999999999995,115.6,1,1,1.0
97,5,564.77,269.23,81.32000000000005,31.20999999999998,1,1,0.0
97,6,786.57,248.28,53.309999999999945,26.72,1,1,0.0
97,3,208.2,255.79,93.63,39.08000000000001,1,1,0.0
98,4,585.0,254.44,241.60000000000002,117.54000000000002,1,1,1.0
98,5,551.13,269.76,83.14999999999998,31.650000000000034,1,1,0.0
98,6,777.72,248.94,54.26999999999998,25.910000000000025,1,1,0.0
98,3,208.2,255.79,93.63,39.08000000000001,1,1,0.0
99,4,572.62,255.42,246.02999999999997,119.47,1,1,1.0
99,5,537.49,270.29,84.99000000000001,32.079999999999984,1,1,0.0
99,6,768.87,249.6,55.23000000000002,25.099999999999994,1,1,0.0
99,3,208.2,255.79,93.63,39.08000000000001,1,1,0.0
100,4,560.25,256.4,250.45000000000005,121.40000000000003,1,1,1.0
100,5,523.85,270.82,86.81999999999994,32.50999999999999,1,1,0.0
100,6,756.35,250.23,57.370000000000005,24.159999999999997,1,1,0.0
100,3,208.2,255.79,93.63,39.08000000000001,1,1,0.0
101,4,545.81,258.1,255.87,123.78999999999996,1,1,1.0
101,5,510.21,271.35,88.65000000000003,32.94999999999999,1,1,0.0
101,6,743.83,250.86,59.50999999999999,23.21999999999997,1,1,0.0
101,3,208.2,255.79,93.63,39.08000000000001,1,1,0.0
102,4,531.37,259.8,261.28999999999996,126.18,1,1,1.0
102,5,496.57,271.88,90.47999999999996,33.379999999999995,1,1,0.0
102,6,731.32,251.49,61.639999999999986,22.279999999999973,1,1,0.0
102,3,208.2,255.79,93.63,39.08000000000001,1,1,0.0
103,4,516.93,261.5,266.70000000000005,128.57,1,1,1.0
103,5,482.93,272.42,92.32,33.80000000000001,1,1,0.0
103,6,718.8,252.12,63.780000000000086,21.339999999999975,1,1,0.0
103,3,208.2,255.79,93.63,39.08000000000001,1,1,0.0
104,4,502.49,263.2,272.12,130.96000000000004,1,1,1.0
104,5,469.29,272.95,94.15000000000003,34.24000000000001,1,1,0.0
104,6,706.28,252.75,65.92000000000007,20.399999999999977,1,1,0.0
104,7,952.28,230.4,7.720000000000027,32.79999999999998,1,1,1.0
104,3,208.2,255.79,93.63,39.08000000000001,1,1,0.0
105,4,488.05,264.9,277.54,133.34000000000003,1,1,1.0
105,5,455.65,273.48,95.98000000000002,34.66999999999996,1,1,0.0
105,6,693.77,253.38,68.05000000000007,19.45999999999998,1,1,0.0
105,7,948.02,228.86,11.980000000000018,35.18000000000001,1,1,1.0
105,3,208.2,255.79,93.63,39.08000000000001,1,1,0.0
106,4,473.62,266.6,282.95000000000005,135.72999999999996,1,1,1.0
106,5,442.01,274.01,97.81000000000006,35.10000000000002,1,1,0.0
106,6,681.25,254.01,70.19000000000005,18.519999999999982,1,1,0.0
106,7,943.76,227.31,16.24000000000001,37.579999999999984,1,1,1.0
106,3,208.2,255.79,93.63,39.08000000000001,1,1,0.0
107,4,459.18,268.3,288.35999999999996,138.12,1,1,1.0
107,5,428.37,274.54,99.64999999999998,35.52999999999997,1,1,0.0
107,6,668.73,254.64,72.32999999999993,17.58000000000004,1,1,0.0
107,7,939.5,225.77,20.5,39.97,1,1,1.0
107,3,208.2,255.79,93.63,39.08000000000001,1,1,0.0
108,4,444.74,270.0,293.78,140.51,1,1,1.0
108,5,414.73,275.07,101.48000000000002,35.97000000000003,1,1,0.0
108,6,656.22,255.27,74.45999999999992,16.640000000000015,1,1,0.0
108,7,935.25,224.23,24.75,42.349999999999994,1,1,1.0
108,3,208.2,255.79,93.63,39.08000000000001,1,1,0.0
109,4,430.3,271.7,299.2,142.90000000000003,1,1,1.0
109,5,401.09,275.6,103.31,36.39999999999998,1,1,0.0
109,6,643.7,255.9,76.59999999999991,15.700000000000017,1,1,0.0
109,7,930.99,222.68,29.00999999999999,44.75,1,1,1.0
109,3,208.2,255.79,93.63,39.08000000000001,1,1,0.0
110,4,413.0,273.4,306.5,145.67000000000002,1,1,1.0
110,5,385.91,276.56,104.32,36.69,1,1,0.0
110,6,628.59,256.66,79.63,17.489999999999952,1,1,0.0
110,7,926.73,221.14,33.26999999999998,47.139999999999986,1,1,1.0
110,3,208.2,255.79,93.63,39.08000000000001,1,1,0.0
111,4,395.7,275.1,313.8,148.42999999999995,1,1,1.0
111,5,370.72,277.52,105.33999999999997,36.99000000000001,1,1,0.0
111,6,613.48,257.42,82.65999999999997,19.279999999999973,1,1,0.0
111,7,922.47,219.6,37.52999999999997,49.53,1,1,1.0
111,3,208.2,255.79,93.63,39.08000000000001,1,1,0.0
112,4,378.4,276.8,321.1,151.2,1,1,1.0
112,5,355.54,278.48,106.34999999999997,37.27999999999997,1,1,0.0
112,6,598.37,258.18,85.68999999999994,21.069999999999993,1,1,0.0
112,7,918.22,218.06,41.77999999999997,51.910000000000025,1,1,1.0
112,3,208.2,255.79,93.63,39.08000000000001,1,1,0.0
113,4,359.6,278.5,328.80999999999995,154.5,1,1,1.0
113,5,340.36,279.45,107.36000000000001,37.56999999999999,1,1,0.0
113,6,583.26,258.94,88.72000000000003,22.860000000000014,1,1,0.0
113,7,913.96,216.51,46.039999999999964,54.31,1,1,1.0
113,3,208.2,255.79,93.63,39.08000000000001,1,1,0.0
114,4,340.8,280.2,336.52000000000004,157.8,1,1,1.0
114,5,325.18,280.41,108.37,37.85999999999996,1,1,0.0
114,6,568.15,259.7,91.75,24.650000000000034,1,1,0.0
114,7,909.7,214.97,50.299999999999955,56.70000000000002,1,1,1.0
114,3,208.2,255.79,93.63,39.08000000000001,1,1,0.0
115,4,322.0,281.9,344.24,161.10000000000002,1,1,1.0
115,5,310.0,281.37,109.38,38.14999999999998,1,1,0.0
115,6,553.04,260.46,94.78000000000009,26.439999999999998,1,1,0.0
115,7,904.41,215.34,53.16000000000008,57.03,1,1,1.0
115,3,208.2,255.79,93.63,39.08000000000001,1,1,0.0
116,4,303.2,283.6,351.95,164.39999999999998,1,1,1.0
116,5,294.81,282.33,110.41000000000003,38.44999999999999,1,1,0.0
116,6,537.93,261.22,97.81000000000006,28.22999999999996,1,1,0.0
116,7,899.12,215.72,56.01999999999998,57.359999999999985,1,1,1.0
116,3,208.2,255.79,93.63,39.08000000000001,1,1,0.0
117,4,282.06,285.3,361.99999999999994,164.2,1,1,1.0
117,5,279.63,283.29,111.42000000000002,38.73999999999995,1,1,0.0
117,6,522.82,261.98,100.83999999999992,30.019999999999982,1,1,0.0
117,7,893.83,216.09,58.879999999999995,57.68999999999997,1,1,1.0
117,3,208.2,255.79,93.63,39.08000000000001,1,1,0.0
118,4,260.91,287.0,372.06,168.67000000000002,1,1,1.0
118,5,264.45,284.25,112.43,39.02999999999997,1,1,0.0
118,6,507.71,262.74,103.87000000000006,31.810000000000002,1,1,0.0
118,7,888.55,216.46,61.73000000000002,58.02000000000001,1,1,1.0
118,3,208.2,255.79,93.63,39.08000000000001,1,1,0.0
119,4,239.77,288.7,382.12,173.13,1,1,1.0
119,5,249.27,285.21,113.43999999999997,39.33000000000004,1,1,0.0
119,6,492.6,263.5,106.89999999999998,33.60000000000002,1,1,0.0
119,7,883.26,216.83,64.59000000000003,58.349999999999994,1,1,1.0
119,3,208.2,255.79,93.63,39.08000000000001,1,1,0.0
120,4,218.63,290.4,392.16999999999996,177.60000000000002,1,1,1.0
120,5,234.09,286.18,114.45000000000002,39.610000000000014,1,1,0.0
120,6,478.0,264.13,107.84000000000003,34.47000000000003,1,1,0.0
120,7,877.97,217.21,67.44999999999993,58.67999999999998,1,1,1.0
120,3,208.2,255.79,93.63,39.08000000000001,1,1,0.0
121,4,199.9,293.26,394.7900000000001,182.24,1,1,1.0
121,5,218.9,287.14,115.47,39.910000000000025,1,1,0.0
121,6,463.4,264.76,108.77999999999997,35.35000000000002,1,1,0.0
121,7,872.68,217.58,70.31000000000006,59.00999999999996,1,1,1.0
121,3,208.2,255.79,93.63,39.08000000000001,1,1,0.0
122,4,177.7,296.12,404.8,182.76,1,1,1.0
122,5,203.72,288.1,116.47999999999999,40.19999999999999,1,1,1.0
122,6,448.8,265.39,109.71999999999997,36.22000000000003,1,1,0.0
122,7,867.39,217.95,73.16999999999996,59.34000000000003,1,1,1.0
122,3,208.2,255.79,93.63,39.08000000000001,1,1,0.0
123,4,151.0,298.98,423.0,189.82,1,1,1.0
123,5,185.65,289.4,117.70000000000002,40.81,1,1,1.0
123,6,434.2,266.02,110.66000000000003,37.10000000000002,1,1,0.0
123,7,862.1,218.33,76.02999999999997,59.66999999999999,1,1,1.0
123,3,208.2,255.79,93.63,39.08000000000001,1,1,0.0
124,4,125.2,301.84,432.01000000000005,191.26000000000005,1,1,1.0
124,5,167.58,290.7,118.91,41.420000000000016,1,1,1.0
124,6,419.61,266.65,111.59000000000003,37.97000000000003,1,1,0.0
124,7,856.81,218.7,78.8900000000001,60.0,1,1,1.0
124,3,208.2,255.79,93.63,39.08000000000001,1,1,0.0
125,4,97.9,304.7,442.52,199.10000000000002,1,1,1.0
125,5,149.51,292.0,120.13,42.02999999999997,1,1,1.0
125,6,405.01,267.28,112.52999999999997,38.84000000000003,1,1,0.0
125,7,850.54,219.12,79.92000000000007,60.24000000000001,1,1,1.0
125,3,208.2,255.79,93.63,39.08000000000001,1,1,0.0
126,4,66.7,307.56,463.40000000000003,202.54000000000002,1,1,1.0
126,5,131.43,293.3,121.35,42.639999999999986,1,1,1.0
126,6,390.41,267.91,113.46999999999997,39.71999999999997,1,1,0.0
126,7,844.27,219.54,80.95000000000005,60.47,1,1,1.0
126,3,208.2,255.79,93.63,39.08000000000001,1,1,0.0
127,4,39.9,306.5,472.95000000000005,210.89999999999998,1,1,1.0
127,5,113.36,294.6,122.57000000000001,43.25,1,1,1.0
127,6,375.81,268.54,114.41000000000003,40.589999999999975,1,1,0.0
127,7,838.0,219.96,81.98000000000002,60.71000000000001,1,1,1.0
127,3,208.2,255.79,93.63,39.08000000000001,1,1,0.0
128,4,11.2,309.66,487.62,215.94,1,1,1.0
128,5,95.29,295.9,123.77999999999999,43.85000000000002,1,1,1.0
128,6,361.21,269.17,115.35000000000002,41.45999999999998,1,1,0.0
128,7,831.73,220.38,83.00999999999999,60.94,1,1,1.0
128,3,208.2,255.79,93.63,39.08000000000001,1,1,0.0
129,4,1.3,312.82,483.5,220.97999999999996,1,1,1.0
129,5,77.22,297.2,125.0,44.460000000000036,1,1,1.0
129,6,346.61,269.8,116.28999999999996,42.339999999999975,1,1,0.0
129,7,825.45,220.8,84.04999999999995,61.18000000000001,1,1,1.0
129,3,208.2,255.79,93.63,39.08000000000001,1,1,0.0
130,4,1.21,315.98,467.31,223.01999999999998,1,1,1.0
130,5,59.14,298.5,126.22000000000001,45.06999999999999,1,1,1.0
130,6,330.82,271.05,117.37,42.70999999999998,1,1,0.0
130,7,819.18,221.22,85.08000000000004,61.41,1,1,1.0
130,3,208.2,255.79,93.63,39.08000000000001,1,1,0.0
131,4,1.11,319.15,455.78999999999996,219.23000000000002,1,1,1.0
131,5,41.07,299.8,127.44,45.68000000000001,1,1,1.0
131,6,315.03,272.3,118.45000000000005,43.089999999999975,1,1,0.0
131,7,812.91,221.64,86.11000000000001,61.650000000000034,1,1,1.0
131,3,208.2,255.79,93.63,39.08000000000001,1,1,0.0
132,4,1.02,322.31,438.05,215.45999999999998,1,1,1.0
132,5,23.0,301.1,128.65,46.289999999999964,1,1,1.0
132,6,299.24,273.55,119.52999999999997,43.46999999999997,1,1,0.0
132,7,806.64,222.06,87.13999999999999,61.879999999999995,1,1,1.0
132,3,208.2,255.79,93.63,39.08000000000001,1,1,0.0
133,4,0.92,325.47,420.31,211.67999999999995,1,1,1.0
133,5,4.93,302.4,129.87,46.900000000000034,1,1,1.0
133,6,283.45,274.8,120.61000000000001,43.839999999999975,1,1,0.0
133,7,800.37,222.48,88.16999999999996,62.12000000000003,1,1,1.0
133,3,208.2,255.79,93.63,39.08000000000001,1,1,0.0
134,4,0.83,328.63,402.57,207.90999999999997,1,1,1.0
134,5,3.94,304.28,112.94,45.78000000000003,1,1,1.0
134,6,267.66,276.05,121.69,44.21999999999997,1,1,0.0
134,7,794.1,222.9,89.19999999999993,62.349999999999994,1,1,1.0
134,3,208.2,255.79,93.63,39.08000000000001,1,1,0.0
135,4,0.73,331.79,383.53999999999996,205.29000000000002,1,1,1.0
135,5,2.96,306.16,96.0,44.65999999999997,1,1,1.0
135,6,251.87,277.3,122.76999999999998,44.599999999999966,1,1,0.0
135,7,786.68,223.33,90.23000000000002,62.73999999999998,1,1,1.0
135,8,691.51,523.08,99.19000000000005,16.91999999999996,1,1,1.0
135,3,208.2,255.79,93.63,39.08000000000001,1,1,0.0
136,4,0.64,334.95,364.49,202.68,1,1,1.0
136,5,1.97,308.04,79.07000000000001,43.539999999999964,1,1,1.0
136,6,236.08,278.55,123.85,44.96999999999997,1,1,0.0
136,7,779.26,223.76,91.25999999999999,63.120000000000005,1,1,1.0
136,8,697.83,517.08,107.13,22.91999999999996,1,1,1.0
136,3,208.2,255.79,93.63,39.08000000000001,1,1,0.0
137,4,0.55,338.12,345.45,200.05999999999995,1,1,1.0
137,5,0.99,309.92,62.129999999999995,42.41999999999996,1,1,1.0
137,6,220.3,279.8,124.92000000000002,45.349999999999966,1,1,0.0
137,7,771.84,224.19,92.28999999999996,63.50999999999999,1,1,1.0
137,8,704.15,511.09,115.07000000000005,28.910000000000025,1,1,1.0
137,3,208.2,255.79,93.63,39.08000000000001,1,1,0.0
138,4,0.45,341.28,326.42,197.44000000000005,1,1,1.0
138,5,0.0,311.8,45.2,41.30000000000001,1,1,1.0
138,6,204.51,281.05,126.0,45.71999999999997,1,1,0.0
138,7,764.42,224.62,93.32000000000005,63.889999999999986,1,1,1.0
138,8,710.47,505.09,123.00999999999999,34.910000000000025,1,1,1.0
138,3,208.2,255.79,93.63,39.08000000000001,1,1,0.0
139,4,0.36,344.44,307.37,194.82999999999998,1,1,1.0
139,5,0.0,317.75,25.8,33.44999999999999,1,1,1.0
139,6,188.72,282.3,127.08000000000001,46.099999999999966,1,1,0.0
139,7,757.0,225.05,94.35000000000002,64.27999999999997,1,1,1.0
139,8,716.78,499.09,130.96000000000004,40.910000000000025,1,1,1.0
139,3,208.2,255.79,93.63,39.08000000000001,1,1,0.0
140,4,0.26,347.6,288.34000000000003,192.22000000000003,1,1,1.0
140,5,0.0,323.7,6.4,25.600000000000023,1,1,1.0
140,6,170.89,283.14,128.62,47.370000000000005,1,1,0.0
140,7,749.58,225.48,95.38,64.66,1,1,1.0
140,8,723.1,493.1,138.89999999999998,46.89999999999998,1,1,1.0
140,3,208.2,255.79,93.63,39.08000000000001,1,1,0.0
141,4,0.26,352.02,266.18,187.80000000000007,1,1,1.0
141,6,153.05,283.98,130.17000000000002,48.639999999999986,1,1,0.0
141,7,742.16,225.91,96.41000000000008,65.04999999999998,1,1,1.0
141,8,733.85,487.72,136.01,52.14999999999998,1,1,1.0
141,3,208.2,255.79,93.63,39.08000000000001,1,1,0.0
142,4,0.26,356.44,244.02,183.38000000000005,1,1,1.0
142,6,135.22,284.82,131.71,49.910000000000025,1,1,0.0
142,7,734.74,226.34,97.43999999999994,65.42999999999998,1,1,1.0
142,8,744.61,482.34,133.11,57.400000000000034,1,1,1.0
142,3,208.2,255.79,93.63,39.08000000000001,1,1,0.0
143,4,0.26,360.87,221.86,178.95000000000005,1,1,1.0
143,6,117.39,285.66,133.25,51.17999999999995,1,1,0.0
143,7,727.33,226.77,98.45999999999992,65.81999999999996,1,1,1.0
143,8,755.36,476.96,130.22000000000003,62.650000000000034,1,1,1.0
143,3,208.2,255.79,93.63,39.08000000000001,1,1,0.0
144,4,0.26,365.29,199.70000000000002,174.53000000000003,1,1,1.0
144,6,99.56,286.5,134.79,52.44999999999999,1,1,0.0
144,7,719.91,227.2,99.49000000000001,66.19999999999999,1,1,1.0
144,8,766.11,471.58,127.33000000000004,67.90000000000003,1,1,1.0
144,3,208.2,255.79,93.63,39.08000000000001,1,1,0.0
145,4,0.26,369.71,177.54000000000002,170.11000000000007,1,1,1.0
145,6,81.73,287.34,136.32999999999998,53.72000000000003,1,1,0.0
145,7,710.95,227.51,100.92999999999995,66.57999999999998,1,1,1.0
145,8,776.86,466.2,124.43999999999994,73.14000000000004,1,1,1.0
145,3,208.2,255.79,93.63,39.08000000000001,1,1,1.0
146,4,0.26,374.13,152.12,165.69000000000005,1,1,1.0
146,6,63.9,288.18,137.87,54.99000000000001,1,1,0.0
146,7,701.99,227.82,102.37,66.95999999999998,1,1,1.0
146,8,785.67,461.7,122.43000000000006,73.99000000000007,1,1,1.0
146,3,208.3,255.86,93.63,39.24000000000001,1,1,1.0
147,4,0.26,378.56,126.69,161.26000000000005,1,1,1.0
147,6,46.06,289.02,139.42,56.25999999999999,1,1,0.0
147,7,693.03,228.13,103.81000000000006,67.34000000000003,1,1,1.0
147,8,794.47,457.2,120.42999999999995,74.83999999999997,1,1,1.0
147,3,208.4,255.92,93.62999999999997,39.41,1,1,1.0
148,4,0.26,382.98,101.27,156.84000000000003,1,1,1.0
148,6,28.23,289.86,140.96,57.52999999999997,1,1,0.0
148,7,684.07,228.44,105.25,67.72000000000003,1,1,1.0
148,8,803.28,452.7,118.42000000000007,75.69,1,1,1.0
148,3,208.5,255.99,93.63,39.56999999999999,1,1,1.0
149,4,0.26,387.4,75.83999999999999,152.42000000000007,1,1,1.0
149,6,10.4,290.7,142.5,58.80000000000001,1,1,1.0
149,7,675.11,228.75,106.68999999999994,68.10000000000002,1,1,1.0
149,8,812.08,448.2,116.41999999999996,76.53000000000003,1,1,1.0
149,3,208.6,256.06,93.63000000000002,39.73000000000002,1,1,1.0
150,4,0.26,396.2,47.24,143.62000000000006,1,1,1.0
150,6,8.43,292.1,127.04999999999998,57.77999999999997,1,1,1.0
150,7,666.15,229.06,108.13,68.46999999999997,1,1,1.0
150,8,820.89,443.7,114.40999999999997,77.38000000000005,1,1,1.0
150,3,208.7,256.12,93.63,39.89999999999998,1,1,1.0
151,6,6.47,293.5,111.59,56.75999999999999,1,1,1.0
151,7,657.19,229.37,109.56999999999994,68.85000000000002,1,1,1.0
151,8,829.69,439.2,112.40999999999997,78.22999999999996,1,1,1.0
151,3,208.8,256.19,93.63,40.06,1,1,1.0
152,6,4.5,294.9,96.14,55.74000000000001,1,1,1.0
152,7,648.23,229.68,111.00999999999999,69.23000000000002,1,1,1.0
152,8,838.5,434.7,110.39999999999998,79.07,1,1,1.0
152,3,208.9,256.26,93.62999999999997,40.22000000000003,1,1,1.0
153,6,2.54,296.3,80.67999999999999,54.71999999999997,1,1,1.0
153,7,639.27,229.99,112.45000000000005,69.61000000000001,1,1,1.0
153,8,845.98,431.02,105.01999999999998,77.90000000000003,1,1,1.0
153,3,209.0,256.32,93.63,40.389999999999986,1,1,1.0
154,6,0.57,297.7,65.23,53.69999999999999,1,1,1.0
154,7,630.31,230.3,113.8900000000001,69.99000000000001,1,1,1.0
154,8,853.46,427.34,99.63999999999999,76.72000000000003,1,1,1.0
154,3,209.1,256.39,93.63000000000002,40.55000000000001,1,1,1.0
155,6,0.38,300.5,47.019999999999996,51.19999999999999,1,1,1.0
155,7,620.5,230.7,114.78999999999996,70.17000000000002,1,1,1.0
155,8,860.94,423.66,94.25,75.54999999999995,1,1,1.0
155,3,209.2,256.46,93.63,40.710000000000036,1,1,1.0
156,6,0.19,303.3,28.81,48.69999999999999,1,1,1.0
156,7,610.69,231.1,115.67999999999995,70.35999999999999,1,1,1.0
156,8,868.42,419.98,88.87,74.37,1,1,1.0
156,3,209.3,256.52,93.63,40.879999999999995,1,1,1.0
157,6,0.0,306.1,10.6,46.19999999999999,1,1,1.0
157,7,600.88,231.5,116.58000000000004,70.54000000000002,1,1,1.0
157,8,875.9,416.3,83.49000000000001,73.19999999999999,1,1,1.0
157,3,209.3,256.73,93.63,40.66999999999996,1,1,1.0
158,7,591.07,231.9,117.46999999999991,70.72,1,1,1.0
158,8,882.17,413.11,77.31000000000006,71.52999999999997,1,1,1.0
158,3,209.3,256.94,93.63,40.45999999999998,1,1,1.0
159,7,581.26,232.3,118.37,70.89999999999998,1,1,1.0
159,8,888.44,409.93,71.13,69.86000000000001,1,1,1.0
159,3,209.3,257.16,93.63,40.23999999999995,1,1,1.0
160,7,571.45,232.7,119.25999999999999,71.07999999999998,1,1,1.0
160,8,894.71,406.74,64.93999999999994,68.19,1,1,1.0
160,3,209.3,257.37,93.63,40.02999999999997,1,1,1.0
161,7,561.64,233.1,120.15999999999997,71.26000000000002,1,1,1.0
161,8,900.99,403.56,58.75,66.50999999999999,1,1,1.0
161,3,209.3,257.58,93.63,39.81999999999999,1,1,1.0
162,7,549.85,231.76,118.07999999999993,73.74000000000001,1,1,0.0
162,8,907.26,400.37,52.57000000000005,64.83999999999997,1,1,1.0
162,3,209.3,257.79,93.63,39.60999999999996,1,1,1.0
163,7,546.97,232.6,115.98000000000002,71.85999999999999,1,1,0.0
163,8,913.53,397.19,46.379999999999995,63.170000000000016,1,1,1.0
163,3,209.3,258.0,93.63,39.39999999999998,1,1,1.0
164,7,527.45,234.5,125.54999999999995,71.83999999999997,1,1,0.0
164,8,919.8,394.0,40.200000000000045,61.5,1,1,1.0
164,3,209.14,258.0,93.63,39.39999999999998,1,1,1.0
165,7,517.6,235.22,125.29999999999995,70.44000000000003,1,1,0.0
165,8,924.98,393.12,35.01999999999998,58.44,1,1,1.0
165,3,208.97,258.0,93.64000000000001,39.39999999999998,1,1,1.0
166,7,506.29,235.76,125.96999999999997,70.91000000000003,1,1,0.0
166,8,930.16,392.24,29.840000000000032,55.379999999999995,1,1,1.0
166,3,208.81,258.0,93.63,39.39999999999998,1,1,1.0
167,7,494.98,236.31,126.63999999999999,71.36000000000001,1,1,0.0
167,8,935.34,391.36,24.659999999999968,52.31999999999999,1,1,1.0
167,3,208.65,258.0,93.62999999999997,39.39999999999998,1,1,1.0
168,7,483.67,236.86,127.31,71.81,1,1,0.0
168,8,940.52,390.48,19.480000000000018,49.25999999999999,1,1,1.0
168,3,208.48,258.0,93.64000000000001,39.39999999999998,1,1,1.0
169,7,472.36,237.41,127.98000000000002,72.27000000000001,1,1,0.0
169,8,945.7,389.6,14.299999999999955,46.19999999999999,1,1,1.0
169,3,208.32,258.0,93.63999999999999,39.39999999999998,1,1,1.0
170,7,461.05,237.96,128.65000000000003,72.72,1,1,0.0
170,8,951.7,394.6,8.299999999999955,36.5,1,1,1.0
170,3,208.16,258.0,93.63000000000002,39.39999999999998,1,1,1.0
171,7,449.74,238.51,129.31999999999994,73.18,1,1,0.0
171,3,208.0,258.0,93.63,39.39999999999998,1,1,1.0
172,7,438.43,239.05,129.98999999999995,73.63999999999999,1,1,0.0
172,3,207.83,258.0,93.64000000000001,39.39999999999998,1,1,1.0
173,7,427.12,239.6,130.65999999999997,74.09,1,1,0.0
173,3,207.83,258.0,93.64000000000001,39.39999999999998,1,1,1.0
174,7,415.81,240.15,131.32999999999998,74.54999999999998,1,1,0.0
174,3,207.83,258.0,93.64000000000001,39.39999999999998,1,1,1.0
175,7,404.5,240.7,132.0,75.0,1,1,0.0
175,3,207.83,258.0,93.64000000000001,39.39999999999998,1,1,1.0
176,7,390.72,240.0,134.88,76.42000000000002,1,1,1.0
176,3,207.83,258.0,93.64000000000001,39.39999999999998,1,1,1.0
177,7,380.57,240.0,134.88000000000005,76.42000000000002,1,1,0.0
177,3,207.83,258.0,93.64000000000001,39.39999999999998,1,1,1.0
178,7,369.03,240.45,135.77000000000004,76.69999999999999,1,1,0.0
178,3,207.83,258.0,93.64000000000001,39.39999999999998,1,1,1.0
179,7,357.49,240.89,136.65999999999997,76.98000000000002,1,1,0.0
179,3,207.83,258.0,93.64000000000001,39.39999999999998,1,1,1.0
180,7,345.94,241.34,137.56,77.26000000000002,1,1,0.0
180,3,207.83,258.0,93.64000000000001,39.39999999999998,1,1,1.0
181,7,334.4,241.78,138.45000000000005,77.53999999999999,1,1,0.0
181,3,207.83,258.0,93.64000000000001,39.39999999999998,1,1,1.0
182,7,322.86,242.23,139.33999999999997,77.82000000000002,1,1,0.0
182,3,207.83,258.0,93.64000000000001,39.39999999999998,1,1,1.0
183,7,311.31,242.68,140.24,78.08999999999997,1,1,0.0
183,3,207.83,258.0,93.64000000000001,39.39999999999998,1,1,1.0
184,7,299.77,243.12,141.13,78.38,1,1,0.0
184,3,207.83,258.0,93.64000000000001,39.39999999999998,1,1,0.0
185,7,288.23,243.57,142.01999999999998,78.65000000000003,1,1,0.0
185,3,209.7,258.0,91.77000000000004,39.39999999999998,1,1,0.0
186,7,276.68,244.02,142.92000000000002,78.92999999999998,1,1,0.0
186,3,209.7,256.9,89.19999999999999,40.10000000000002,1,1,0.0
187,7,265.14,244.46,143.81,79.21000000000001,1,1,0.0
187,3,209.7,256.9,84.80000000000001,36.80000000000001,1,1,0.0
188,7,253.59,244.91,144.71,79.48999999999998,1,1,0.0
188,3,209.7,257.3,69.40000000000003,36.39999999999998,1,1,0.0
189,7,242.05,245.35,145.59999999999997,79.77000000000001,1,1,0.0
189,3,209.7,257.3,62.10000000000002,36.39999999999998,1,1,0.0
190,7,230.51,245.8,146.49,80.05000000000001,1,1,0.0
190,3,209.7,258.0,50.0,35.69999999999999,1,1,0.0
